(kicad_pcb (version 20171130) (host pcbnew 5.1.6)

  (general
    (thickness 1.6)
    (drawings 16)
    (tracks 289)
    (zones 0)
    (modules 24)
    (nets 42)
  )

  (page USLetter)
  (title_block
    (title "Not A Watch")
    (date 2020-06-28)
    (rev 0)
    (comment 1 "A simple programmable LED watch.")
    (comment 2 "Designed by Thomas Kaldahl.")
  )

  (layers
    (0 F.Cu signal)
    (31 B.Cu signal)
    (32 B.Adhes user)
    (33 F.Adhes user)
    (34 B.Paste user)
    (35 F.Paste user)
    (36 B.SilkS user)
    (37 F.SilkS user)
    (38 B.Mask user)
    (39 F.Mask user)
    (40 Dwgs.User user)
    (41 Cmts.User user)
    (42 Eco1.User user)
    (43 Eco2.User user)
    (44 Edge.Cuts user)
    (45 Margin user)
    (46 B.CrtYd user)
    (47 F.CrtYd user)
    (48 B.Fab user)
    (49 F.Fab user)
  )

  (setup
    (last_trace_width 0.25)
    (trace_clearance 0.2)
    (zone_clearance 0.508)
    (zone_45_only no)
    (trace_min 0.2)
    (via_size 0.8)
    (via_drill 0.4)
    (via_min_size 0.45)
    (via_min_drill 0.3)
    (uvia_size 0.3)
    (uvia_drill 0.1)
    (uvias_allowed no)
    (uvia_min_size 0.2)
    (uvia_min_drill 0.1)
    (edge_width 0.05)
    (segment_width 0.2)
    (pcb_text_width 0.3)
    (pcb_text_size 1.5 1.5)
    (mod_edge_width 0.12)
    (mod_text_size 1 1)
    (mod_text_width 0.15)
    (pad_size 1.6 1.6)
    (pad_drill 0.6)
    (pad_to_mask_clearance 0.05)
    (aux_axis_origin 0 0)
    (visible_elements FFF9FF1F)
    (pcbplotparams
      (layerselection 0x010fc_ffffffff)
      (usegerberextensions false)
      (usegerberattributes true)
      (usegerberadvancedattributes true)
      (creategerberjobfile true)
      (excludeedgelayer true)
      (linewidth 0.100000)
      (plotframeref false)
      (viasonmask false)
      (mode 1)
      (useauxorigin false)
      (hpglpennumber 1)
      (hpglpenspeed 20)
      (hpglpendiameter 15.000000)
      (psnegative false)
      (psa4output false)
      (plotreference true)
      (plotvalue true)
      (plotinvisibletext false)
      (padsonsilk false)
      (subtractmaskfromsilk false)
      (outputformat 1)
      (mirror false)
      (drillshape 1)
      (scaleselection 1)
      (outputdirectory ""))
  )

  (net 0 "")
  (net 1 "Net-(R1-Pad2)")
  (net 2 VCC)
  (net 3 GND)
  (net 4 "Net-(C1-Pad1)")
  (net 5 "Net-(C2-Pad1)")
  (net 6 "Net-(U2-Pad4)")
  (net 7 "Net-(R2-Pad1)")
  (net 8 "Net-(R1-Pad1)")
  (net 9 "Net-(U2-Pad7)")
  (net 10 "Net-(U2-Pad8)")
  (net 11 "Net-(U2-Pad9)")
  (net 12 "Net-(U2-Pad10)")
  (net 13 "Net-(U2-Pad11)")
  (net 14 "Net-(U2-Pad12)")
  (net 15 "Net-(U2-Pad13)")
  (net 16 "Net-(R3-Pad1)")
  (net 17 "Net-(R3-Pad2)")
  (net 18 "Net-(R4-Pad2)")
  (net 19 "Net-(R4-Pad1)")
  (net 20 "Net-(R5-Pad1)")
  (net 21 "Net-(R5-Pad2)")
  (net 22 "Net-(R6-Pad1)")
  (net 23 "Net-(R6-Pad2)")
  (net 24 "Net-(R7-Pad2)")
  (net 25 "Net-(R7-Pad1)")
  (net 26 "Net-(R8-Pad1)")
  (net 27 "Net-(R8-Pad2)")
  (net 28 "Net-(R9-Pad2)")
  (net 29 "Net-(R9-Pad1)")
  (net 30 "Net-(R10-Pad1)")
  (net 31 "Net-(R10-Pad2)")
  (net 32 "Net-(U3-Pad7)")
  (net 33 "Net-(U3-Pad9)")
  (net 34 "Net-(U4-Pad9)")
  (net 35 "Net-(U4-Pad7)")
  (net 36 "Net-(U3-Pad1)")
  (net 37 "Net-(U3-Pad3)")
  (net 38 "Net-(U3-Pad5)")
  (net 39 "Net-(U4-Pad5)")
  (net 40 "Net-(U4-Pad3)")
  (net 41 "Net-(U4-Pad1)")

  (net_class Default "This is the default net class."
    (clearance 0.2)
    (trace_width 0.25)
    (via_dia 0.8)
    (via_drill 0.4)
    (uvia_dia 0.3)
    (uvia_drill 0.1)
    (add_net GND)
    (add_net "Net-(C1-Pad1)")
    (add_net "Net-(C2-Pad1)")
    (add_net "Net-(R1-Pad1)")
    (add_net "Net-(R1-Pad2)")
    (add_net "Net-(R10-Pad1)")
    (add_net "Net-(R10-Pad2)")
    (add_net "Net-(R2-Pad1)")
    (add_net "Net-(R3-Pad1)")
    (add_net "Net-(R3-Pad2)")
    (add_net "Net-(R4-Pad1)")
    (add_net "Net-(R4-Pad2)")
    (add_net "Net-(R5-Pad1)")
    (add_net "Net-(R5-Pad2)")
    (add_net "Net-(R6-Pad1)")
    (add_net "Net-(R6-Pad2)")
    (add_net "Net-(R7-Pad1)")
    (add_net "Net-(R7-Pad2)")
    (add_net "Net-(R8-Pad1)")
    (add_net "Net-(R8-Pad2)")
    (add_net "Net-(R9-Pad1)")
    (add_net "Net-(R9-Pad2)")
    (add_net "Net-(U2-Pad10)")
    (add_net "Net-(U2-Pad11)")
    (add_net "Net-(U2-Pad12)")
    (add_net "Net-(U2-Pad13)")
    (add_net "Net-(U2-Pad4)")
    (add_net "Net-(U2-Pad7)")
    (add_net "Net-(U2-Pad8)")
    (add_net "Net-(U2-Pad9)")
    (add_net "Net-(U3-Pad1)")
    (add_net "Net-(U3-Pad3)")
    (add_net "Net-(U3-Pad5)")
    (add_net "Net-(U3-Pad7)")
    (add_net "Net-(U3-Pad9)")
    (add_net "Net-(U4-Pad1)")
    (add_net "Net-(U4-Pad3)")
    (add_net "Net-(U4-Pad5)")
    (add_net "Net-(U4-Pad7)")
    (add_net "Net-(U4-Pad9)")
    (add_net VCC)
  )

  (module Connector_Wire:SolderWire-0.1sqmm_1x01_D0.4mm_OD1mm (layer F.Cu) (tedit 5EF96732) (tstamp 5EFA5928)
    (at 128.15 114)
    (descr "Soldered wire connection, for a single 0.1 mm² wire, basic insulation, conductor diameter 0.4mm, outer diameter 1mm, size source Multi-Contact FLEXI-E 0.1 (https://ec.staubli.com/AcroFiles/Catalogues/TM_Cab-Main-11014119_(en)_hi.pdf), bend radius 3 times outer diameter, generated with kicad-footprint-generator")
    (tags "connector wire 0.1sqmm")
    (attr virtual)
    (fp_text reference REF** (at 0 -2) (layer F.SilkS)
      (effects (font (size 1 1) (thickness 0.15)))
    )
    (fp_text value SolderWire-0.1sqmm_1x01_D0.4mm_OD1mm (at 0 2) (layer F.Fab)
      (effects (font (size 1 1) (thickness 0.15)))
    )
    (fp_line (start 1.3 -1.3) (end -1.3 -1.3) (layer F.CrtYd) (width 0.05))
    (fp_line (start 1.3 1.3) (end 1.3 -1.3) (layer F.CrtYd) (width 0.05))
    (fp_line (start -1.3 1.3) (end 1.3 1.3) (layer F.CrtYd) (width 0.05))
    (fp_line (start -1.3 -1.3) (end -1.3 1.3) (layer F.CrtYd) (width 0.05))
    (fp_circle (center 0 0) (end 0.5 0) (layer F.Fab) (width 0.1))
    (fp_text user %R (at 0 0) (layer F.Fab)
      (effects (font (size 0.25 0.25) (thickness 0.04)))
    )
    (pad 1 thru_hole roundrect (at 0 0) (size 1.6 1.6) (drill 0.6) (layers *.Cu *.Mask) (roundrect_rratio 0.156)
      (net 10 "Net-(U2-Pad8)"))
    (model ${KISYS3DMOD}/Connector_Wire.3dshapes/SolderWire-0.1sqmm_1x01_D0.4mm_OD1mm.wrl
      (at (xyz 0 0 0))
      (scale (xyz 1 1 1))
      (rotate (xyz 0 0 0))
    )
  )

  (module Connector_Wire:SolderWire-0.1sqmm_1x01_D0.4mm_OD1mm (layer F.Cu) (tedit 5EF96767) (tstamp 5EFA542E)
    (at 128.15 116.6)
    (descr "Soldered wire connection, for a single 0.1 mm² wire, basic insulation, conductor diameter 0.4mm, outer diameter 1mm, size source Multi-Contact FLEXI-E 0.1 (https://ec.staubli.com/AcroFiles/Catalogues/TM_Cab-Main-11014119_(en)_hi.pdf), bend radius 3 times outer diameter, generated with kicad-footprint-generator")
    (tags "connector wire 0.1sqmm")
    (attr virtual)
    (fp_text reference REF** (at 0 -2) (layer F.SilkS)
      (effects (font (size 1 1) (thickness 0.15)))
    )
    (fp_text value SolderWire-0.1sqmm_1x01_D0.4mm_OD1mm (at 0 2) (layer F.Fab)
      (effects (font (size 1 1) (thickness 0.15)))
    )
    (fp_line (start 1.3 -1.3) (end -1.3 -1.3) (layer F.CrtYd) (width 0.05))
    (fp_line (start 1.3 1.3) (end 1.3 -1.3) (layer F.CrtYd) (width 0.05))
    (fp_line (start -1.3 1.3) (end 1.3 1.3) (layer F.CrtYd) (width 0.05))
    (fp_line (start -1.3 -1.3) (end -1.3 1.3) (layer F.CrtYd) (width 0.05))
    (fp_circle (center 0 0) (end 0.5 0) (layer F.Fab) (width 0.1))
    (fp_text user %R (at 0 0) (layer F.Fab)
      (effects (font (size 0.25 0.25) (thickness 0.04)))
    )
    (pad 1 thru_hole roundrect (at 0 0) (size 1.6 1.6) (drill 0.6) (layers *.Cu *.Mask) (roundrect_rratio 0.156)
      (net 11 "Net-(U2-Pad9)"))
    (model ${KISYS3DMOD}/Connector_Wire.3dshapes/SolderWire-0.1sqmm_1x01_D0.4mm_OD1mm.wrl
      (at (xyz 0 0 0))
      (scale (xyz 1 1 1))
      (rotate (xyz 0 0 0))
    )
  )

  (module Connector_Wire:SolderWire-0.1sqmm_1x01_D0.4mm_OD1mm (layer F.Cu) (tedit 5EF967AF) (tstamp 5EFA542E)
    (at 128.15 119.2)
    (descr "Soldered wire connection, for a single 0.1 mm² wire, basic insulation, conductor diameter 0.4mm, outer diameter 1mm, size source Multi-Contact FLEXI-E 0.1 (https://ec.staubli.com/AcroFiles/Catalogues/TM_Cab-Main-11014119_(en)_hi.pdf), bend radius 3 times outer diameter, generated with kicad-footprint-generator")
    (tags "connector wire 0.1sqmm")
    (attr virtual)
    (fp_text reference REF** (at 0 -2) (layer F.SilkS)
      (effects (font (size 1 1) (thickness 0.15)))
    )
    (fp_text value SolderWire-0.1sqmm_1x01_D0.4mm_OD1mm (at 0 2) (layer F.Fab)
      (effects (font (size 1 1) (thickness 0.15)))
    )
    (fp_line (start 1.3 -1.3) (end -1.3 -1.3) (layer F.CrtYd) (width 0.05))
    (fp_line (start 1.3 1.3) (end 1.3 -1.3) (layer F.CrtYd) (width 0.05))
    (fp_line (start -1.3 1.3) (end 1.3 1.3) (layer F.CrtYd) (width 0.05))
    (fp_line (start -1.3 -1.3) (end -1.3 1.3) (layer F.CrtYd) (width 0.05))
    (fp_circle (center 0 0) (end 0.5 0) (layer F.Fab) (width 0.1))
    (fp_text user %R (at 0 0) (layer F.Fab)
      (effects (font (size 0.25 0.25) (thickness 0.04)))
    )
    (pad 1 thru_hole roundrect (at 0 0) (size 1.6 1.6) (drill 0.6) (layers *.Cu *.Mask) (roundrect_rratio 0.156)
      (net 9 "Net-(U2-Pad7)"))
    (model ${KISYS3DMOD}/Connector_Wire.3dshapes/SolderWire-0.1sqmm_1x01_D0.4mm_OD1mm.wrl
      (at (xyz 0 0 0))
      (scale (xyz 1 1 1))
      (rotate (xyz 0 0 0))
    )
  )

  (module Connector_Wire:SolderWire-0.1sqmm_1x01_D0.4mm_OD1mm (layer F.Cu) (tedit 5EF967BC) (tstamp 5EFA541F)
    (at 128.15 121.8)
    (descr "Soldered wire connection, for a single 0.1 mm² wire, basic insulation, conductor diameter 0.4mm, outer diameter 1mm, size source Multi-Contact FLEXI-E 0.1 (https://ec.staubli.com/AcroFiles/Catalogues/TM_Cab-Main-11014119_(en)_hi.pdf), bend radius 3 times outer diameter, generated with kicad-footprint-generator")
    (tags "connector wire 0.1sqmm")
    (attr virtual)
    (fp_text reference REF** (at 0 -2) (layer F.SilkS)
      (effects (font (size 1 1) (thickness 0.15)))
    )
    (fp_text value SolderWire-0.1sqmm_1x01_D0.4mm_OD1mm (at 0 2) (layer F.Fab)
      (effects (font (size 1 1) (thickness 0.15)))
    )
    (fp_line (start 1.3 -1.3) (end -1.3 -1.3) (layer F.CrtYd) (width 0.05))
    (fp_line (start 1.3 1.3) (end 1.3 -1.3) (layer F.CrtYd) (width 0.05))
    (fp_line (start -1.3 1.3) (end 1.3 1.3) (layer F.CrtYd) (width 0.05))
    (fp_line (start -1.3 -1.3) (end -1.3 1.3) (layer F.CrtYd) (width 0.05))
    (fp_circle (center 0 0) (end 0.5 0) (layer F.Fab) (width 0.1))
    (fp_text user %R (at 0 0) (layer F.Fab)
      (effects (font (size 0.25 0.25) (thickness 0.04)))
    )
    (pad 1 thru_hole roundrect (at 0 0) (size 1.6 1.6) (drill 0.6) (layers *.Cu *.Mask) (roundrect_rratio 0.156)
      (net 6 "Net-(U2-Pad4)"))
    (model ${KISYS3DMOD}/Connector_Wire.3dshapes/SolderWire-0.1sqmm_1x01_D0.4mm_OD1mm.wrl
      (at (xyz 0 0 0))
      (scale (xyz 1 1 1))
      (rotate (xyz 0 0 0))
    )
  )

  (module Package_SO:SOIC-14_3.9x8.7mm_P1.27mm (layer F.Cu) (tedit 5D9F72B1) (tstamp 5EF9CF76)
    (at 131.475 106.2)
    (descr "SOIC, 14 Pin (JEDEC MS-012AB, https://www.analog.com/media/en/package-pcb-resources/package/pkg_pdf/soic_narrow-r/r_14.pdf), generated with kicad-footprint-generator ipc_gullwing_generator.py")
    (tags "SOIC SO")
    (path /5EF04F34)
    (attr smd)
    (fp_text reference U2 (at 0 -5.28) (layer F.SilkS)
      (effects (font (size 1 1) (thickness 0.15)))
    )
    (fp_text value ATtiny84A-SSU (at 0 5.28) (layer F.Fab)
      (effects (font (size 1 1) (thickness 0.15)))
    )
    (fp_line (start 3.7 -4.58) (end -3.7 -4.58) (layer F.CrtYd) (width 0.05))
    (fp_line (start 3.7 4.58) (end 3.7 -4.58) (layer F.CrtYd) (width 0.05))
    (fp_line (start -3.7 4.58) (end 3.7 4.58) (layer F.CrtYd) (width 0.05))
    (fp_line (start -3.7 -4.58) (end -3.7 4.58) (layer F.CrtYd) (width 0.05))
    (fp_line (start -1.95 -3.35) (end -0.975 -4.325) (layer F.Fab) (width 0.1))
    (fp_line (start -1.95 4.325) (end -1.95 -3.35) (layer F.Fab) (width 0.1))
    (fp_line (start 1.95 4.325) (end -1.95 4.325) (layer F.Fab) (width 0.1))
    (fp_line (start 1.95 -4.325) (end 1.95 4.325) (layer F.Fab) (width 0.1))
    (fp_line (start -0.975 -4.325) (end 1.95 -4.325) (layer F.Fab) (width 0.1))
    (fp_line (start 0 -4.435) (end -3.45 -4.435) (layer F.SilkS) (width 0.12))
    (fp_line (start 0 -4.435) (end 1.95 -4.435) (layer F.SilkS) (width 0.12))
    (fp_line (start 0 4.435) (end -1.95 4.435) (layer F.SilkS) (width 0.12))
    (fp_line (start 0 4.435) (end 1.95 4.435) (layer F.SilkS) (width 0.12))
    (fp_text user %R (at 0 0) (layer F.Fab)
      (effects (font (size 0.98 0.98) (thickness 0.15)))
    )
    (pad 1 smd roundrect (at -2.475 -3.81) (size 1.95 0.6) (layers F.Cu F.Paste F.Mask) (roundrect_rratio 0.25)
      (net 1 "Net-(R1-Pad2)"))
    (pad 2 smd roundrect (at -2.475 -2.54) (size 1.95 0.6) (layers F.Cu F.Paste F.Mask) (roundrect_rratio 0.25)
      (net 4 "Net-(C1-Pad1)"))
    (pad 3 smd roundrect (at -2.475 -1.27) (size 1.95 0.6) (layers F.Cu F.Paste F.Mask) (roundrect_rratio 0.25)
      (net 5 "Net-(C2-Pad1)"))
    (pad 4 smd roundrect (at -2.475 0) (size 1.95 0.6) (layers F.Cu F.Paste F.Mask) (roundrect_rratio 0.25)
      (net 6 "Net-(U2-Pad4)"))
    (pad 5 smd roundrect (at -2.475 1.27) (size 1.95 0.6) (layers F.Cu F.Paste F.Mask) (roundrect_rratio 0.25)
      (net 8 "Net-(R1-Pad1)"))
    (pad 6 smd roundrect (at -2.475 2.54) (size 1.95 0.6) (layers F.Cu F.Paste F.Mask) (roundrect_rratio 0.25)
      (net 7 "Net-(R2-Pad1)"))
    (pad 7 smd roundrect (at -2.475 3.81) (size 1.95 0.6) (layers F.Cu F.Paste F.Mask) (roundrect_rratio 0.25)
      (net 9 "Net-(U2-Pad7)"))
    (pad 8 smd roundrect (at 2.475 3.81) (size 1.95 0.6) (layers F.Cu F.Paste F.Mask) (roundrect_rratio 0.25)
      (net 10 "Net-(U2-Pad8)"))
    (pad 9 smd roundrect (at 2.475 2.54) (size 1.95 0.6) (layers F.Cu F.Paste F.Mask) (roundrect_rratio 0.25)
      (net 11 "Net-(U2-Pad9)"))
    (pad 10 smd roundrect (at 2.475 1.27) (size 1.95 0.6) (layers F.Cu F.Paste F.Mask) (roundrect_rratio 0.25)
      (net 12 "Net-(U2-Pad10)"))
    (pad 11 smd roundrect (at 2.475 0) (size 1.95 0.6) (layers F.Cu F.Paste F.Mask) (roundrect_rratio 0.25)
      (net 13 "Net-(U2-Pad11)"))
    (pad 12 smd roundrect (at 2.475 -1.27) (size 1.95 0.6) (layers F.Cu F.Paste F.Mask) (roundrect_rratio 0.25)
      (net 14 "Net-(U2-Pad12)"))
    (pad 13 smd roundrect (at 2.475 -2.54) (size 1.95 0.6) (layers F.Cu F.Paste F.Mask) (roundrect_rratio 0.25)
      (net 15 "Net-(U2-Pad13)"))
    (pad 14 smd roundrect (at 2.475 -3.81) (size 1.95 0.6) (layers F.Cu F.Paste F.Mask) (roundrect_rratio 0.25)
      (net 3 GND))
    (model ${KISYS3DMOD}/Package_SO.3dshapes/SOIC-14_3.9x8.7mm_P1.27mm.wrl
      (at (xyz 0 0 0))
      (scale (xyz 1 1 1))
      (rotate (xyz 0 0 0))
    )
  )

  (module watch:KWM-20882CVB (layer F.Cu) (tedit 5EF5825D) (tstamp 5EF98FD4)
    (at 137.95 94.2)
    (path /5EF38C2B)
    (fp_text reference U5 (at 7.5 17.5) (layer F.SilkS)
      (effects (font (size 1 1) (thickness 0.15)))
    )
    (fp_text value KWM-20882CVB (at 7.5 0) (layer F.Fab)
      (effects (font (size 1 1) (thickness 0.15)))
    )
    (fp_line (start 17.5 18.75) (end 17.5 -1.25) (layer F.SilkS) (width 0.12))
    (fp_line (start -2.5 18.75) (end 17.5 18.75) (layer F.SilkS) (width 0.12))
    (fp_line (start -2.5 -1.25) (end -2.5 18.75) (layer F.SilkS) (width 0.12))
    (fp_line (start 17.5 -1.25) (end -2.5 -1.25) (layer F.SilkS) (width 0.12))
    (pad 1 thru_hole circle (at 0 0) (size 1.524 1.524) (drill 0.762) (layers *.Cu *.Mask)
      (net 16 "Net-(R3-Pad1)"))
    (pad 2 thru_hole circle (at 0 2.5) (size 1.524 1.524) (drill 0.762) (layers *.Cu *.Mask)
      (net 19 "Net-(R4-Pad1)"))
    (pad 3 thru_hole circle (at 0 5) (size 1.524 1.524) (drill 0.762) (layers *.Cu *.Mask)
      (net 21 "Net-(R5-Pad2)"))
    (pad 4 thru_hole circle (at 0 7.5) (size 1.524 1.524) (drill 0.762) (layers *.Cu *.Mask)
      (net 23 "Net-(R6-Pad2)"))
    (pad 5 thru_hole circle (at 0 10) (size 1.524 1.524) (drill 0.762) (layers *.Cu *.Mask)
      (net 36 "Net-(U3-Pad1)"))
    (pad 6 thru_hole circle (at 0 12.5) (size 1.524 1.524) (drill 0.762) (layers *.Cu *.Mask)
      (net 37 "Net-(U3-Pad3)"))
    (pad 7 thru_hole circle (at 0 15) (size 1.524 1.524) (drill 0.762) (layers *.Cu *.Mask)
      (net 38 "Net-(U3-Pad5)"))
    (pad 8 thru_hole circle (at 0 17.5) (size 1.524 1.524) (drill 0.762) (layers *.Cu *.Mask)
      (net 32 "Net-(U3-Pad7)"))
    (pad 9 thru_hole circle (at 15 17.5) (size 1.524 1.524) (drill 0.762) (layers *.Cu *.Mask)
      (net 30 "Net-(R10-Pad1)"))
    (pad 10 thru_hole circle (at 15 15) (size 1.524 1.524) (drill 0.762) (layers *.Cu *.Mask)
      (net 29 "Net-(R9-Pad1)"))
    (pad 11 thru_hole circle (at 15 12.5) (size 1.524 1.524) (drill 0.762) (layers *.Cu *.Mask)
      (net 26 "Net-(R8-Pad1)"))
    (pad 12 thru_hole circle (at 15 10) (size 1.524 1.524) (drill 0.762) (layers *.Cu *.Mask)
      (net 25 "Net-(R7-Pad1)"))
    (pad 13 thru_hole circle (at 15 7.5) (size 1.524 1.524) (drill 0.762) (layers *.Cu *.Mask)
      (net 41 "Net-(U4-Pad1)"))
    (pad 14 thru_hole circle (at 15 5) (size 1.524 1.524) (drill 0.762) (layers *.Cu *.Mask)
      (net 40 "Net-(U4-Pad3)"))
    (pad 15 thru_hole circle (at 15 2.5) (size 1.524 1.524) (drill 0.762) (layers *.Cu *.Mask)
      (net 39 "Net-(U4-Pad5)"))
    (pad 16 thru_hole circle (at 15 0) (size 1.524 1.524) (drill 0.762) (layers *.Cu *.Mask)
      (net 35 "Net-(U4-Pad7)"))
  )

  (module Button_Switch_THT:SW_PUSH_6mm (layer F.Cu) (tedit 5A02FE31) (tstamp 5EF9DCBA)
    (at 143.7 115.2 270)
    (descr https://www.omron.com/ecb/products/pdf/en-b3f.pdf)
    (tags "tact sw push 6mm")
    (path /5F00CE92)
    (fp_text reference SW1 (at 3.25 -2 90) (layer F.SilkS)
      (effects (font (size 1 1) (thickness 0.15)))
    )
    (fp_text value "Button A" (at 3.75 6.7 90) (layer F.Fab)
      (effects (font (size 1 1) (thickness 0.15)))
    )
    (fp_circle (center 3.25 2.25) (end 1.25 2.5) (layer F.Fab) (width 0.1))
    (fp_line (start 6.75 3) (end 6.75 1.5) (layer F.SilkS) (width 0.12))
    (fp_line (start 5.5 -1) (end 1 -1) (layer F.SilkS) (width 0.12))
    (fp_line (start -0.25 1.5) (end -0.25 3) (layer F.SilkS) (width 0.12))
    (fp_line (start 1 5.5) (end 5.5 5.5) (layer F.SilkS) (width 0.12))
    (fp_line (start 8 -1.25) (end 8 5.75) (layer F.CrtYd) (width 0.05))
    (fp_line (start 7.75 6) (end -1.25 6) (layer F.CrtYd) (width 0.05))
    (fp_line (start -1.5 5.75) (end -1.5 -1.25) (layer F.CrtYd) (width 0.05))
    (fp_line (start -1.25 -1.5) (end 7.75 -1.5) (layer F.CrtYd) (width 0.05))
    (fp_line (start -1.5 6) (end -1.25 6) (layer F.CrtYd) (width 0.05))
    (fp_line (start -1.5 5.75) (end -1.5 6) (layer F.CrtYd) (width 0.05))
    (fp_line (start -1.5 -1.5) (end -1.25 -1.5) (layer F.CrtYd) (width 0.05))
    (fp_line (start -1.5 -1.25) (end -1.5 -1.5) (layer F.CrtYd) (width 0.05))
    (fp_line (start 8 -1.5) (end 8 -1.25) (layer F.CrtYd) (width 0.05))
    (fp_line (start 7.75 -1.5) (end 8 -1.5) (layer F.CrtYd) (width 0.05))
    (fp_line (start 8 6) (end 8 5.75) (layer F.CrtYd) (width 0.05))
    (fp_line (start 7.75 6) (end 8 6) (layer F.CrtYd) (width 0.05))
    (fp_line (start 0.25 -0.75) (end 3.25 -0.75) (layer F.Fab) (width 0.1))
    (fp_line (start 0.25 5.25) (end 0.25 -0.75) (layer F.Fab) (width 0.1))
    (fp_line (start 6.25 5.25) (end 0.25 5.25) (layer F.Fab) (width 0.1))
    (fp_line (start 6.25 -0.75) (end 6.25 5.25) (layer F.Fab) (width 0.1))
    (fp_line (start 3.25 -0.75) (end 6.25 -0.75) (layer F.Fab) (width 0.1))
    (fp_text user %R (at 3.25 2.25 90) (layer F.Fab)
      (effects (font (size 1 1) (thickness 0.15)))
    )
    (pad 2 thru_hole circle (at 0 4.5) (size 2 2) (drill 1.1) (layers *.Cu *.Mask)
      (net 8 "Net-(R1-Pad1)"))
    (pad 1 thru_hole circle (at 0 0) (size 2 2) (drill 1.1) (layers *.Cu *.Mask)
      (net 3 GND))
    (pad 2 thru_hole circle (at 6.5 4.5) (size 2 2) (drill 1.1) (layers *.Cu *.Mask)
      (net 8 "Net-(R1-Pad1)"))
    (pad 1 thru_hole circle (at 6.5 0) (size 2 2) (drill 1.1) (layers *.Cu *.Mask)
      (net 3 GND))
    (model ${KISYS3DMOD}/Button_Switch_THT.3dshapes/SW_PUSH_6mm.wrl
      (at (xyz 0 0 0))
      (scale (xyz 1 1 1))
      (rotate (xyz 0 0 0))
    )
  )

  (module Button_Switch_THT:SW_PUSH_6mm (layer F.Cu) (tedit 5A02FE31) (tstamp 5EF9DAF6)
    (at 146.95 121.7 90)
    (descr https://www.omron.com/ecb/products/pdf/en-b3f.pdf)
    (tags "tact sw push 6mm")
    (path /5F00AA53)
    (fp_text reference SW2 (at 3.25 -2 90) (layer F.SilkS)
      (effects (font (size 1 1) (thickness 0.15)))
    )
    (fp_text value "Button B" (at 3.75 6.7 90) (layer F.Fab)
      (effects (font (size 1 1) (thickness 0.15)))
    )
    (fp_line (start 3.25 -0.75) (end 6.25 -0.75) (layer F.Fab) (width 0.1))
    (fp_line (start 6.25 -0.75) (end 6.25 5.25) (layer F.Fab) (width 0.1))
    (fp_line (start 6.25 5.25) (end 0.25 5.25) (layer F.Fab) (width 0.1))
    (fp_line (start 0.25 5.25) (end 0.25 -0.75) (layer F.Fab) (width 0.1))
    (fp_line (start 0.25 -0.75) (end 3.25 -0.75) (layer F.Fab) (width 0.1))
    (fp_line (start 7.75 6) (end 8 6) (layer F.CrtYd) (width 0.05))
    (fp_line (start 8 6) (end 8 5.75) (layer F.CrtYd) (width 0.05))
    (fp_line (start 7.75 -1.5) (end 8 -1.5) (layer F.CrtYd) (width 0.05))
    (fp_line (start 8 -1.5) (end 8 -1.25) (layer F.CrtYd) (width 0.05))
    (fp_line (start -1.5 -1.25) (end -1.5 -1.5) (layer F.CrtYd) (width 0.05))
    (fp_line (start -1.5 -1.5) (end -1.25 -1.5) (layer F.CrtYd) (width 0.05))
    (fp_line (start -1.5 5.75) (end -1.5 6) (layer F.CrtYd) (width 0.05))
    (fp_line (start -1.5 6) (end -1.25 6) (layer F.CrtYd) (width 0.05))
    (fp_line (start -1.25 -1.5) (end 7.75 -1.5) (layer F.CrtYd) (width 0.05))
    (fp_line (start -1.5 5.75) (end -1.5 -1.25) (layer F.CrtYd) (width 0.05))
    (fp_line (start 7.75 6) (end -1.25 6) (layer F.CrtYd) (width 0.05))
    (fp_line (start 8 -1.25) (end 8 5.75) (layer F.CrtYd) (width 0.05))
    (fp_line (start 1 5.5) (end 5.5 5.5) (layer F.SilkS) (width 0.12))
    (fp_line (start -0.25 1.5) (end -0.25 3) (layer F.SilkS) (width 0.12))
    (fp_line (start 5.5 -1) (end 1 -1) (layer F.SilkS) (width 0.12))
    (fp_line (start 6.75 3) (end 6.75 1.5) (layer F.SilkS) (width 0.12))
    (fp_circle (center 3.25 2.25) (end 1.25 2.5) (layer F.Fab) (width 0.1))
    (fp_text user %R (at 3.25 2.25 90) (layer F.Fab)
      (effects (font (size 1 1) (thickness 0.15)))
    )
    (pad 1 thru_hole circle (at 6.5 0 180) (size 2 2) (drill 1.1) (layers *.Cu *.Mask)
      (net 3 GND))
    (pad 2 thru_hole circle (at 6.5 4.5 180) (size 2 2) (drill 1.1) (layers *.Cu *.Mask)
      (net 7 "Net-(R2-Pad1)"))
    (pad 1 thru_hole circle (at 0 0 180) (size 2 2) (drill 1.1) (layers *.Cu *.Mask)
      (net 3 GND))
    (pad 2 thru_hole circle (at 0 4.5 180) (size 2 2) (drill 1.1) (layers *.Cu *.Mask)
      (net 7 "Net-(R2-Pad1)"))
    (model ${KISYS3DMOD}/Button_Switch_THT.3dshapes/SW_PUSH_6mm.wrl
      (at (xyz 0 0 0))
      (scale (xyz 1 1 1))
      (rotate (xyz 0 0 0))
    )
  )

  (module Capacitor_SMD:C_0603_1608Metric (layer F.Cu) (tedit 5B301BBE) (tstamp 5EF9E5ED)
    (at 136.45 121.6625 90)
    (descr "Capacitor SMD 0603 (1608 Metric), square (rectangular) end terminal, IPC_7351 nominal, (Body size source: http://www.tortai-tech.com/upload/download/2011102023233369053.pdf), generated with kicad-footprint-generator")
    (tags capacitor)
    (path /5EF1E692)
    (attr smd)
    (fp_text reference C1 (at 0 -1.43 90) (layer F.SilkS)
      (effects (font (size 1 1) (thickness 0.15)))
    )
    (fp_text value 18pF (at 0 1.43 90) (layer F.Fab)
      (effects (font (size 1 1) (thickness 0.15)))
    )
    (fp_line (start 1.48 0.73) (end -1.48 0.73) (layer F.CrtYd) (width 0.05))
    (fp_line (start 1.48 -0.73) (end 1.48 0.73) (layer F.CrtYd) (width 0.05))
    (fp_line (start -1.48 -0.73) (end 1.48 -0.73) (layer F.CrtYd) (width 0.05))
    (fp_line (start -1.48 0.73) (end -1.48 -0.73) (layer F.CrtYd) (width 0.05))
    (fp_line (start -0.162779 0.51) (end 0.162779 0.51) (layer F.SilkS) (width 0.12))
    (fp_line (start -0.162779 -0.51) (end 0.162779 -0.51) (layer F.SilkS) (width 0.12))
    (fp_line (start 0.8 0.4) (end -0.8 0.4) (layer F.Fab) (width 0.1))
    (fp_line (start 0.8 -0.4) (end 0.8 0.4) (layer F.Fab) (width 0.1))
    (fp_line (start -0.8 -0.4) (end 0.8 -0.4) (layer F.Fab) (width 0.1))
    (fp_line (start -0.8 0.4) (end -0.8 -0.4) (layer F.Fab) (width 0.1))
    (fp_text user %R (at 0 0 90) (layer F.Fab)
      (effects (font (size 0.4 0.4) (thickness 0.06)))
    )
    (pad 1 smd roundrect (at -0.7875 0 90) (size 0.875 0.95) (layers F.Cu F.Paste F.Mask) (roundrect_rratio 0.25)
      (net 4 "Net-(C1-Pad1)"))
    (pad 2 smd roundrect (at 0.7875 0 90) (size 0.875 0.95) (layers F.Cu F.Paste F.Mask) (roundrect_rratio 0.25)
      (net 3 GND))
    (model ${KISYS3DMOD}/Capacitor_SMD.3dshapes/C_0603_1608Metric.wrl
      (at (xyz 0 0 0))
      (scale (xyz 1 1 1))
      (rotate (xyz 0 0 0))
    )
  )

  (module Capacitor_SMD:C_0603_1608Metric (layer F.Cu) (tedit 5B301BBE) (tstamp 5EF9E8C4)
    (at 136.45 118.4125 270)
    (descr "Capacitor SMD 0603 (1608 Metric), square (rectangular) end terminal, IPC_7351 nominal, (Body size source: http://www.tortai-tech.com/upload/download/2011102023233369053.pdf), generated with kicad-footprint-generator")
    (tags capacitor)
    (path /5EF1EB9C)
    (attr smd)
    (fp_text reference C2 (at 0 -1.43 90) (layer F.SilkS)
      (effects (font (size 1 1) (thickness 0.15)))
    )
    (fp_text value 18pF (at 0 1.43 90) (layer F.Fab)
      (effects (font (size 1 1) (thickness 0.15)))
    )
    (fp_line (start -0.8 0.4) (end -0.8 -0.4) (layer F.Fab) (width 0.1))
    (fp_line (start -0.8 -0.4) (end 0.8 -0.4) (layer F.Fab) (width 0.1))
    (fp_line (start 0.8 -0.4) (end 0.8 0.4) (layer F.Fab) (width 0.1))
    (fp_line (start 0.8 0.4) (end -0.8 0.4) (layer F.Fab) (width 0.1))
    (fp_line (start -0.162779 -0.51) (end 0.162779 -0.51) (layer F.SilkS) (width 0.12))
    (fp_line (start -0.162779 0.51) (end 0.162779 0.51) (layer F.SilkS) (width 0.12))
    (fp_line (start -1.48 0.73) (end -1.48 -0.73) (layer F.CrtYd) (width 0.05))
    (fp_line (start -1.48 -0.73) (end 1.48 -0.73) (layer F.CrtYd) (width 0.05))
    (fp_line (start 1.48 -0.73) (end 1.48 0.73) (layer F.CrtYd) (width 0.05))
    (fp_line (start 1.48 0.73) (end -1.48 0.73) (layer F.CrtYd) (width 0.05))
    (fp_text user %R (at 0 0 90) (layer F.Fab)
      (effects (font (size 0.4 0.4) (thickness 0.06)))
    )
    (pad 2 smd roundrect (at 0.7875 0 270) (size 0.875 0.95) (layers F.Cu F.Paste F.Mask) (roundrect_rratio 0.25)
      (net 3 GND))
    (pad 1 smd roundrect (at -0.7875 0 270) (size 0.875 0.95) (layers F.Cu F.Paste F.Mask) (roundrect_rratio 0.25)
      (net 5 "Net-(C2-Pad1)"))
    (model ${KISYS3DMOD}/Capacitor_SMD.3dshapes/C_0603_1608Metric.wrl
      (at (xyz 0 0 0))
      (scale (xyz 1 1 1))
      (rotate (xyz 0 0 0))
    )
  )

  (module Resistor_SMD:R_1206_3216Metric (layer F.Cu) (tedit 5B301BBD) (tstamp 5EF9EE41)
    (at 154.2 120.6 90)
    (descr "Resistor SMD 1206 (3216 Metric), square (rectangular) end terminal, IPC_7351 nominal, (Body size source: http://www.tortai-tech.com/upload/download/2011102023233369053.pdf), generated with kicad-footprint-generator")
    (tags resistor)
    (path /5F0E1148)
    (attr smd)
    (fp_text reference R1 (at 0 -1.82 90) (layer F.SilkS)
      (effects (font (size 1 1) (thickness 0.15)))
    )
    (fp_text value 10K (at 0 1.82 90) (layer F.Fab)
      (effects (font (size 1 1) (thickness 0.15)))
    )
    (fp_line (start 2.28 1.12) (end -2.28 1.12) (layer F.CrtYd) (width 0.05))
    (fp_line (start 2.28 -1.12) (end 2.28 1.12) (layer F.CrtYd) (width 0.05))
    (fp_line (start -2.28 -1.12) (end 2.28 -1.12) (layer F.CrtYd) (width 0.05))
    (fp_line (start -2.28 1.12) (end -2.28 -1.12) (layer F.CrtYd) (width 0.05))
    (fp_line (start -0.602064 0.91) (end 0.602064 0.91) (layer F.SilkS) (width 0.12))
    (fp_line (start -0.602064 -0.91) (end 0.602064 -0.91) (layer F.SilkS) (width 0.12))
    (fp_line (start 1.6 0.8) (end -1.6 0.8) (layer F.Fab) (width 0.1))
    (fp_line (start 1.6 -0.8) (end 1.6 0.8) (layer F.Fab) (width 0.1))
    (fp_line (start -1.6 -0.8) (end 1.6 -0.8) (layer F.Fab) (width 0.1))
    (fp_line (start -1.6 0.8) (end -1.6 -0.8) (layer F.Fab) (width 0.1))
    (fp_text user %R (at 0 0) (layer F.Fab)
      (effects (font (size 0.8 0.8) (thickness 0.12)))
    )
    (pad 1 smd roundrect (at -1.4 0 90) (size 1.25 1.75) (layers F.Cu F.Paste F.Mask) (roundrect_rratio 0.2)
      (net 8 "Net-(R1-Pad1)"))
    (pad 2 smd roundrect (at 1.4 0 90) (size 1.25 1.75) (layers F.Cu F.Paste F.Mask) (roundrect_rratio 0.2)
      (net 1 "Net-(R1-Pad2)"))
    (model ${KISYS3DMOD}/Resistor_SMD.3dshapes/R_1206_3216Metric.wrl
      (at (xyz 0 0 0))
      (scale (xyz 1 1 1))
      (rotate (xyz 0 0 0))
    )
  )

  (module Resistor_SMD:R_1206_3216Metric (layer F.Cu) (tedit 5B301BBD) (tstamp 5EF98AFC)
    (at 154.2 115.85 270)
    (descr "Resistor SMD 1206 (3216 Metric), square (rectangular) end terminal, IPC_7351 nominal, (Body size source: http://www.tortai-tech.com/upload/download/2011102023233369053.pdf), generated with kicad-footprint-generator")
    (tags resistor)
    (path /5F122294)
    (attr smd)
    (fp_text reference R2 (at 0 -1.82 90) (layer F.SilkS)
      (effects (font (size 1 1) (thickness 0.15)))
    )
    (fp_text value 10K (at 0 1.82 90) (layer F.Fab)
      (effects (font (size 1 1) (thickness 0.15)))
    )
    (fp_line (start -1.6 0.8) (end -1.6 -0.8) (layer F.Fab) (width 0.1))
    (fp_line (start -1.6 -0.8) (end 1.6 -0.8) (layer F.Fab) (width 0.1))
    (fp_line (start 1.6 -0.8) (end 1.6 0.8) (layer F.Fab) (width 0.1))
    (fp_line (start 1.6 0.8) (end -1.6 0.8) (layer F.Fab) (width 0.1))
    (fp_line (start -0.602064 -0.91) (end 0.602064 -0.91) (layer F.SilkS) (width 0.12))
    (fp_line (start -0.602064 0.91) (end 0.602064 0.91) (layer F.SilkS) (width 0.12))
    (fp_line (start -2.28 1.12) (end -2.28 -1.12) (layer F.CrtYd) (width 0.05))
    (fp_line (start -2.28 -1.12) (end 2.28 -1.12) (layer F.CrtYd) (width 0.05))
    (fp_line (start 2.28 -1.12) (end 2.28 1.12) (layer F.CrtYd) (width 0.05))
    (fp_line (start 2.28 1.12) (end -2.28 1.12) (layer F.CrtYd) (width 0.05))
    (fp_text user %R (at 0 0 90) (layer F.Fab)
      (effects (font (size 0.8 0.8) (thickness 0.12)))
    )
    (pad 2 smd roundrect (at 1.4 0 270) (size 1.25 1.75) (layers F.Cu F.Paste F.Mask) (roundrect_rratio 0.2)
      (net 1 "Net-(R1-Pad2)"))
    (pad 1 smd roundrect (at -1.4 0 270) (size 1.25 1.75) (layers F.Cu F.Paste F.Mask) (roundrect_rratio 0.2)
      (net 7 "Net-(R2-Pad1)"))
    (model ${KISYS3DMOD}/Resistor_SMD.3dshapes/R_1206_3216Metric.wrl
      (at (xyz 0 0 0))
      (scale (xyz 1 1 1))
      (rotate (xyz 0 0 0))
    )
  )

  (module Resistor_SMD:R_1206_3216Metric (layer F.Cu) (tedit 5B301BBD) (tstamp 5EF98B0D)
    (at 141.3 94.2)
    (descr "Resistor SMD 1206 (3216 Metric), square (rectangular) end terminal, IPC_7351 nominal, (Body size source: http://www.tortai-tech.com/upload/download/2011102023233369053.pdf), generated with kicad-footprint-generator")
    (tags resistor)
    (path /5EF87E3C)
    (attr smd)
    (fp_text reference R3 (at 0 -1.82) (layer F.SilkS)
      (effects (font (size 1 1) (thickness 0.15)))
    )
    (fp_text value 470 (at 0 1.82) (layer F.Fab)
      (effects (font (size 1 1) (thickness 0.15)))
    )
    (fp_line (start -1.6 0.8) (end -1.6 -0.8) (layer F.Fab) (width 0.1))
    (fp_line (start -1.6 -0.8) (end 1.6 -0.8) (layer F.Fab) (width 0.1))
    (fp_line (start 1.6 -0.8) (end 1.6 0.8) (layer F.Fab) (width 0.1))
    (fp_line (start 1.6 0.8) (end -1.6 0.8) (layer F.Fab) (width 0.1))
    (fp_line (start -0.602064 -0.91) (end 0.602064 -0.91) (layer F.SilkS) (width 0.12))
    (fp_line (start -0.602064 0.91) (end 0.602064 0.91) (layer F.SilkS) (width 0.12))
    (fp_line (start -2.28 1.12) (end -2.28 -1.12) (layer F.CrtYd) (width 0.05))
    (fp_line (start -2.28 -1.12) (end 2.28 -1.12) (layer F.CrtYd) (width 0.05))
    (fp_line (start 2.28 -1.12) (end 2.28 1.12) (layer F.CrtYd) (width 0.05))
    (fp_line (start 2.28 1.12) (end -2.28 1.12) (layer F.CrtYd) (width 0.05))
    (fp_text user %R (at 0 0) (layer F.Fab)
      (effects (font (size 0.8 0.8) (thickness 0.12)))
    )
    (pad 2 smd roundrect (at 1.4 0) (size 1.25 1.75) (layers F.Cu F.Paste F.Mask) (roundrect_rratio 0.2)
      (net 17 "Net-(R3-Pad2)"))
    (pad 1 smd roundrect (at -1.4 0) (size 1.25 1.75) (layers F.Cu F.Paste F.Mask) (roundrect_rratio 0.2)
      (net 16 "Net-(R3-Pad1)"))
    (model ${KISYS3DMOD}/Resistor_SMD.3dshapes/R_1206_3216Metric.wrl
      (at (xyz 0 0 0))
      (scale (xyz 1 1 1))
      (rotate (xyz 0 0 0))
    )
  )

  (module Resistor_SMD:R_1206_3216Metric (layer F.Cu) (tedit 5B301BBD) (tstamp 5EF9955F)
    (at 141.3 96.7)
    (descr "Resistor SMD 1206 (3216 Metric), square (rectangular) end terminal, IPC_7351 nominal, (Body size source: http://www.tortai-tech.com/upload/download/2011102023233369053.pdf), generated with kicad-footprint-generator")
    (tags resistor)
    (path /5EF8A899)
    (attr smd)
    (fp_text reference R4 (at 0 -1.82) (layer F.SilkS)
      (effects (font (size 1 1) (thickness 0.15)))
    )
    (fp_text value 470 (at 0 1.82) (layer F.Fab)
      (effects (font (size 1 1) (thickness 0.15)))
    )
    (fp_line (start 2.28 1.12) (end -2.28 1.12) (layer F.CrtYd) (width 0.05))
    (fp_line (start 2.28 -1.12) (end 2.28 1.12) (layer F.CrtYd) (width 0.05))
    (fp_line (start -2.28 -1.12) (end 2.28 -1.12) (layer F.CrtYd) (width 0.05))
    (fp_line (start -2.28 1.12) (end -2.28 -1.12) (layer F.CrtYd) (width 0.05))
    (fp_line (start -0.602064 0.91) (end 0.602064 0.91) (layer F.SilkS) (width 0.12))
    (fp_line (start -0.602064 -0.91) (end 0.602064 -0.91) (layer F.SilkS) (width 0.12))
    (fp_line (start 1.6 0.8) (end -1.6 0.8) (layer F.Fab) (width 0.1))
    (fp_line (start 1.6 -0.8) (end 1.6 0.8) (layer F.Fab) (width 0.1))
    (fp_line (start -1.6 -0.8) (end 1.6 -0.8) (layer F.Fab) (width 0.1))
    (fp_line (start -1.6 0.8) (end -1.6 -0.8) (layer F.Fab) (width 0.1))
    (fp_text user %R (at 0 0) (layer F.Fab)
      (effects (font (size 0.8 0.8) (thickness 0.12)))
    )
    (pad 1 smd roundrect (at -1.4 0) (size 1.25 1.75) (layers F.Cu F.Paste F.Mask) (roundrect_rratio 0.2)
      (net 19 "Net-(R4-Pad1)"))
    (pad 2 smd roundrect (at 1.4 0) (size 1.25 1.75) (layers F.Cu F.Paste F.Mask) (roundrect_rratio 0.2)
      (net 18 "Net-(R4-Pad2)"))
    (model ${KISYS3DMOD}/Resistor_SMD.3dshapes/R_1206_3216Metric.wrl
      (at (xyz 0 0 0))
      (scale (xyz 1 1 1))
      (rotate (xyz 0 0 0))
    )
  )

  (module Resistor_SMD:R_1206_3216Metric (layer F.Cu) (tedit 5B301BBD) (tstamp 5EF9B990)
    (at 141.3 99.2 180)
    (descr "Resistor SMD 1206 (3216 Metric), square (rectangular) end terminal, IPC_7351 nominal, (Body size source: http://www.tortai-tech.com/upload/download/2011102023233369053.pdf), generated with kicad-footprint-generator")
    (tags resistor)
    (path /5EF89A2D)
    (attr smd)
    (fp_text reference R5 (at 0 -1.82) (layer F.SilkS)
      (effects (font (size 1 1) (thickness 0.15)))
    )
    (fp_text value 470 (at 0 1.82) (layer F.Fab)
      (effects (font (size 1 1) (thickness 0.15)))
    )
    (fp_line (start 2.28 1.12) (end -2.28 1.12) (layer F.CrtYd) (width 0.05))
    (fp_line (start 2.28 -1.12) (end 2.28 1.12) (layer F.CrtYd) (width 0.05))
    (fp_line (start -2.28 -1.12) (end 2.28 -1.12) (layer F.CrtYd) (width 0.05))
    (fp_line (start -2.28 1.12) (end -2.28 -1.12) (layer F.CrtYd) (width 0.05))
    (fp_line (start -0.602064 0.91) (end 0.602064 0.91) (layer F.SilkS) (width 0.12))
    (fp_line (start -0.602064 -0.91) (end 0.602064 -0.91) (layer F.SilkS) (width 0.12))
    (fp_line (start 1.6 0.8) (end -1.6 0.8) (layer F.Fab) (width 0.1))
    (fp_line (start 1.6 -0.8) (end 1.6 0.8) (layer F.Fab) (width 0.1))
    (fp_line (start -1.6 -0.8) (end 1.6 -0.8) (layer F.Fab) (width 0.1))
    (fp_line (start -1.6 0.8) (end -1.6 -0.8) (layer F.Fab) (width 0.1))
    (fp_text user %R (at 0 0) (layer F.Fab)
      (effects (font (size 0.8 0.8) (thickness 0.12)))
    )
    (pad 1 smd roundrect (at -1.4 0 180) (size 1.25 1.75) (layers F.Cu F.Paste F.Mask) (roundrect_rratio 0.2)
      (net 20 "Net-(R5-Pad1)"))
    (pad 2 smd roundrect (at 1.4 0 180) (size 1.25 1.75) (layers F.Cu F.Paste F.Mask) (roundrect_rratio 0.2)
      (net 21 "Net-(R5-Pad2)"))
    (model ${KISYS3DMOD}/Resistor_SMD.3dshapes/R_1206_3216Metric.wrl
      (at (xyz 0 0 0))
      (scale (xyz 1 1 1))
      (rotate (xyz 0 0 0))
    )
  )

  (module Resistor_SMD:R_1206_3216Metric (layer F.Cu) (tedit 5B301BBD) (tstamp 5EF9B8D8)
    (at 141.3 101.7 180)
    (descr "Resistor SMD 1206 (3216 Metric), square (rectangular) end terminal, IPC_7351 nominal, (Body size source: http://www.tortai-tech.com/upload/download/2011102023233369053.pdf), generated with kicad-footprint-generator")
    (tags resistor)
    (path /5EF8B77A)
    (attr smd)
    (fp_text reference R6 (at 0 -1.82) (layer F.SilkS)
      (effects (font (size 1 1) (thickness 0.15)))
    )
    (fp_text value 470 (at 0 1.82) (layer F.Fab)
      (effects (font (size 1 1) (thickness 0.15)))
    )
    (fp_line (start -1.6 0.8) (end -1.6 -0.8) (layer F.Fab) (width 0.1))
    (fp_line (start -1.6 -0.8) (end 1.6 -0.8) (layer F.Fab) (width 0.1))
    (fp_line (start 1.6 -0.8) (end 1.6 0.8) (layer F.Fab) (width 0.1))
    (fp_line (start 1.6 0.8) (end -1.6 0.8) (layer F.Fab) (width 0.1))
    (fp_line (start -0.602064 -0.91) (end 0.602064 -0.91) (layer F.SilkS) (width 0.12))
    (fp_line (start -0.602064 0.91) (end 0.602064 0.91) (layer F.SilkS) (width 0.12))
    (fp_line (start -2.28 1.12) (end -2.28 -1.12) (layer F.CrtYd) (width 0.05))
    (fp_line (start -2.28 -1.12) (end 2.28 -1.12) (layer F.CrtYd) (width 0.05))
    (fp_line (start 2.28 -1.12) (end 2.28 1.12) (layer F.CrtYd) (width 0.05))
    (fp_line (start 2.28 1.12) (end -2.28 1.12) (layer F.CrtYd) (width 0.05))
    (fp_text user %R (at 0 0) (layer F.Fab)
      (effects (font (size 0.8 0.8) (thickness 0.12)))
    )
    (pad 2 smd roundrect (at 1.4 0 180) (size 1.25 1.75) (layers F.Cu F.Paste F.Mask) (roundrect_rratio 0.2)
      (net 23 "Net-(R6-Pad2)"))
    (pad 1 smd roundrect (at -1.4 0 180) (size 1.25 1.75) (layers F.Cu F.Paste F.Mask) (roundrect_rratio 0.2)
      (net 22 "Net-(R6-Pad1)"))
    (model ${KISYS3DMOD}/Resistor_SMD.3dshapes/R_1206_3216Metric.wrl
      (at (xyz 0 0 0))
      (scale (xyz 1 1 1))
      (rotate (xyz 0 0 0))
    )
  )

  (module Resistor_SMD:R_1206_3216Metric (layer F.Cu) (tedit 5B301BBD) (tstamp 5EF9B5F1)
    (at 149.6 104.2 180)
    (descr "Resistor SMD 1206 (3216 Metric), square (rectangular) end terminal, IPC_7351 nominal, (Body size source: http://www.tortai-tech.com/upload/download/2011102023233369053.pdf), generated with kicad-footprint-generator")
    (tags resistor)
    (path /5EF8DF2A)
    (attr smd)
    (fp_text reference R7 (at 0 -1.82) (layer F.SilkS)
      (effects (font (size 1 1) (thickness 0.15)))
    )
    (fp_text value 470 (at 0 1.82) (layer F.Fab)
      (effects (font (size 1 1) (thickness 0.15)))
    )
    (fp_line (start 2.28 1.12) (end -2.28 1.12) (layer F.CrtYd) (width 0.05))
    (fp_line (start 2.28 -1.12) (end 2.28 1.12) (layer F.CrtYd) (width 0.05))
    (fp_line (start -2.28 -1.12) (end 2.28 -1.12) (layer F.CrtYd) (width 0.05))
    (fp_line (start -2.28 1.12) (end -2.28 -1.12) (layer F.CrtYd) (width 0.05))
    (fp_line (start -0.602064 0.91) (end 0.602064 0.91) (layer F.SilkS) (width 0.12))
    (fp_line (start -0.602064 -0.91) (end 0.602064 -0.91) (layer F.SilkS) (width 0.12))
    (fp_line (start 1.6 0.8) (end -1.6 0.8) (layer F.Fab) (width 0.1))
    (fp_line (start 1.6 -0.8) (end 1.6 0.8) (layer F.Fab) (width 0.1))
    (fp_line (start -1.6 -0.8) (end 1.6 -0.8) (layer F.Fab) (width 0.1))
    (fp_line (start -1.6 0.8) (end -1.6 -0.8) (layer F.Fab) (width 0.1))
    (fp_text user %R (at 0 0) (layer F.Fab)
